function mycmap = orientcmap
%Colormap for myxo height plots.
    mycmap = [0.9431    0.6098    0.6765
    0.9414    0.6113    0.6699
    0.9397    0.6127    0.6632
    0.9380    0.6142    0.6566
    0.9363    0.6157    0.6500
    0.9346    0.6172    0.6434
    0.9328    0.6186    0.6368
    0.9311    0.6201    0.6301
    0.9294    0.6216    0.6235
    0.9277    0.6230    0.6169
    0.9260    0.6245    0.6103
    0.9243    0.6260    0.6037
    0.9225    0.6275    0.5971
    0.9208    0.6289    0.5904
    0.9191    0.6304    0.5838
    0.9174    0.6319    0.5772
    0.9157    0.6333    0.5706
    0.9127    0.6350    0.5652
    0.9098    0.6368    0.5598
    0.9069    0.6385    0.5544
    0.9039    0.6402    0.5490
    0.9010    0.6419    0.5436
    0.8980    0.6436    0.5382
    0.8951    0.6453    0.5328
    0.8922    0.6471    0.5275
    0.8892    0.6488    0.5221
    0.8863    0.6505    0.5167
    0.8833    0.6522    0.5113
    0.8804    0.6539    0.5059
    0.8775    0.6556    0.5005
    0.8745    0.6574    0.4951
    0.8716    0.6591    0.4897
    0.8686    0.6608    0.4843
    0.8647    0.6625    0.4801
    0.8608    0.6642    0.4760
    0.8569    0.6659    0.4718
    0.8529    0.6676    0.4676
    0.8490    0.6694    0.4635
    0.8451    0.6711    0.4593
    0.8412    0.6728    0.4551
    0.8373    0.6745    0.4510
    0.8333    0.6762    0.4468
    0.8294    0.6779    0.4426
    0.8255    0.6797    0.4385
    0.8216    0.6814    0.4343
    0.8176    0.6831    0.4301
    0.8137    0.6848    0.4260
    0.8098    0.6865    0.4218
    0.8059    0.6882    0.4176
    0.7995    0.6904    0.4164
    0.7931    0.6926    0.4152
    0.7868    0.6949    0.4140
    0.7804    0.6971    0.4127
    0.7740    0.6993    0.4115
    0.7676    0.7015    0.4103
    0.7613    0.7037    0.4091
    0.7549    0.7059    0.4078
    0.7485    0.7081    0.4066
    0.7422    0.7103    0.4054
    0.7358    0.7125    0.4042
    0.7294    0.7147    0.4029
    0.7230    0.7169    0.4017
    0.7167    0.7191    0.4005
    0.7103    0.7213    0.3993
    0.7039    0.7235    0.3980
    0.6961    0.7252    0.4012
    0.6882    0.7270    0.4044
    0.6804    0.7287    0.4076
    0.6725    0.7304    0.4108
    0.6647    0.7321    0.4140
    0.6569    0.7338    0.4172
    0.6490    0.7355    0.4203
    0.6412    0.7373    0.4235
    0.6333    0.7390    0.4267
    0.6255    0.7407    0.4299
    0.6176    0.7424    0.4331
    0.6098    0.7441    0.4363
    0.6020    0.7458    0.4395
    0.5941    0.7475    0.4426
    0.5863    0.7493    0.4458
    0.5784    0.7510    0.4490
    0.5696    0.7522    0.4544
    0.5608    0.7534    0.4598
    0.5520    0.7547    0.4652
    0.5431    0.7559    0.4706
    0.5343    0.7571    0.4760
    0.5255    0.7583    0.4814
    0.5167    0.7596    0.4868
    0.5078    0.7608    0.4922
    0.4990    0.7620    0.4975
    0.4902    0.7632    0.5029
    0.4814    0.7645    0.5083
    0.4725    0.7657    0.5137
    0.4637    0.7669    0.5191
    0.4549    0.7681    0.5245
    0.4461    0.7694    0.5299
    0.4373    0.7706    0.5353
    0.4292    0.7713    0.5409
    0.4211    0.7721    0.5466
    0.4130    0.7728    0.5522
    0.4049    0.7735    0.5578
    0.3968    0.7743    0.5635
    0.3887    0.7750    0.5691
    0.3806    0.7757    0.5748
    0.3725    0.7765    0.5804
    0.3645    0.7772    0.5860
    0.3564    0.7779    0.5917
    0.3483    0.7787    0.5973
    0.3402    0.7794    0.6029
    0.3321    0.7801    0.6086
    0.3240    0.7809    0.6142
    0.3159    0.7816    0.6199
    0.3078    0.7824    0.6255
    0.3010    0.7824    0.6321
    0.2941    0.7824    0.6387
    0.2873    0.7824    0.6453
    0.2804    0.7824    0.6520
    0.2735    0.7824    0.6586
    0.2667    0.7824    0.6652
    0.2598    0.7824    0.6718
    0.2529    0.7824    0.6784
    0.2461    0.7824    0.6850
    0.2392    0.7824    0.6917
    0.2324    0.7824    0.6983
    0.2255    0.7824    0.7049
    0.2186    0.7824    0.7115
    0.2118    0.7824    0.7181
    0.2049    0.7824    0.7248
    0.1980    0.7824    0.7314
    0.2012    0.7814    0.7373
    0.2044    0.7804    0.7431
    0.2076    0.7794    0.7490
    0.2108    0.7784    0.7549
    0.2140    0.7775    0.7608
    0.2172    0.7765    0.7667
    0.2203    0.7755    0.7725
    0.2235    0.7745    0.7784
    0.2267    0.7735    0.7843
    0.2299    0.7725    0.7902
    0.2331    0.7716    0.7961
    0.2363    0.7706    0.8020
    0.2395    0.7696    0.8078
    0.2426    0.7686    0.8137
    0.2458    0.7676    0.8196
    0.2490    0.7667    0.8255
    0.2596    0.7652    0.8299
    0.2701    0.7637    0.8343
    0.2806    0.7623    0.8387
    0.2912    0.7608    0.8431
    0.3017    0.7593    0.8475
    0.3123    0.7578    0.8520
    0.3228    0.7564    0.8564
    0.3333    0.7549    0.8608
    0.3439    0.7534    0.8652
    0.3544    0.7520    0.8696
    0.3650    0.7505    0.8740
    0.3755    0.7490    0.8784
    0.3860    0.7475    0.8828
    0.3966    0.7461    0.8873
    0.4071    0.7446    0.8917
    0.4176    0.7431    0.8961
    0.4270    0.7412    0.8980
    0.4363    0.7392    0.9000
    0.4456    0.7373    0.9020
    0.4549    0.7353    0.9039
    0.4642    0.7333    0.9059
    0.4735    0.7314    0.9078
    0.4828    0.7294    0.9098
    0.4922    0.7275    0.9118
    0.5015    0.7255    0.9137
    0.5108    0.7235    0.9157
    0.5201    0.7216    0.9176
    0.5294    0.7196    0.9196
    0.5387    0.7176    0.9216
    0.5480    0.7157    0.9235
    0.5574    0.7137    0.9255
    0.5667    0.7118    0.9275
    0.5760    0.7091    0.9282
    0.5853    0.7064    0.9289
    0.5946    0.7037    0.9297
    0.6039    0.7010    0.9304
    0.6132    0.6983    0.9311
    0.6225    0.6956    0.9319
    0.6319    0.6929    0.9326
    0.6412    0.6902    0.9333
    0.6505    0.6875    0.9341
    0.6598    0.6848    0.9348
    0.6691    0.6821    0.9355
    0.6784    0.6794    0.9363
    0.6877    0.6767    0.9370
    0.6971    0.6740    0.9377
    0.7064    0.6713    0.9385
    0.7157    0.6686    0.9392
    0.7229    0.6648    0.9357
    0.7301    0.6610    0.9321
    0.7374    0.6572    0.9286
    0.7446    0.6534    0.9250
    0.7518    0.6496    0.9214
    0.7591    0.6458    0.9179
    0.7663    0.6420    0.9143
    0.7735    0.6382    0.9108
    0.7808    0.6344    0.9072
    0.7880    0.6306    0.9037
    0.7952    0.6268    0.9001
    0.8025    0.6230    0.8966
    0.8097    0.6192    0.8930
    0.8169    0.6154    0.8895
    0.8241    0.6116    0.8859
    0.8314    0.6078    0.8824
    0.8362    0.6075    0.8803
    0.8409    0.6071    0.8782
    0.8457    0.6067    0.8761
    0.8505    0.6064    0.8740
    0.8553    0.6060    0.8719
    0.8600    0.6056    0.8699
    0.8648    0.6053    0.8678
    0.8696    0.6049    0.8657
    0.8744    0.6045    0.8636
    0.8792    0.6042    0.8615
    0.8839    0.6038    0.8594
    0.8887    0.6034    0.8574
    0.8935    0.6031    0.8553
    0.8983    0.6027    0.8532
    0.9031    0.6023    0.8511
    0.9078    0.6020    0.8490
    0.9098    0.6017    0.8439
    0.9118    0.6015    0.8387
    0.9137    0.6012    0.8336
    0.9157    0.6010    0.8284
    0.9176    0.6007    0.8233
    0.9196    0.6005    0.8181
    0.9216    0.6002    0.8130
    0.9235    0.6000    0.8078
    0.9255    0.5998    0.8027
    0.9275    0.5995    0.7975
    0.9294    0.5993    0.7924
    0.9314    0.5990    0.7873
    0.9333    0.5988    0.7821
    0.9353    0.5985    0.7770
    0.9373    0.5983    0.7718
    0.9392    0.5980    0.7667
    0.9395    0.5988    0.7607
    0.9397    0.5996    0.7546
    0.9400    0.6004    0.7486
    0.9403    0.6012    0.7426
    0.9405    0.6020    0.7366
    0.9408    0.6027    0.7306
    0.9410    0.6035    0.7246
    0.9413    0.6043    0.7186
    0.9416    0.6051    0.7125
    0.9418    0.6059    0.7065
    0.9421    0.6067    0.7005
    0.9424    0.6075    0.6945
    0.9426    0.6082    0.6885
    0.9429    0.6090    0.6825
